100 0.001
200 0.001
300 0.001
400 0.001
500 0.002
600 0.002
700 0.003
800 0.004
900 0.004
1000 0.003
1100 0.002
1200 0.002
1300 0.0
1400 0.0
1500 0.0
1600 0.0
1700 0.0
1800 0.0
1900 0.0
2000 0.001
2100 0.001
2200 0.001
2300 0.001
2400 0.001
2500 0.001
2600 0.001
2700 0.001
2800 0.0
2900 0.001
3000 0.001
3100 0.001
3200 0.001
3300 0.001
3400 0.001
3500 0.001
3600 0.0
3700 0.001
3800 0.001
3900 0.001
4000 0.0
4100 0.001
4200 0.001
4300 0.001
4400 0.001
4500 0.001
4600 0.001
4700 0.001
4800 0.001
4900 0.001
5000 0.001
